11 8
0 1 1 1 1 1 1 0
1 1 1 1 1 1 1 1
1 1 0 0 0 0 1 1
1 1 0 0 0 0 1 1
1 1 0 0 0 0 1 1
1 1 0 0 0 0 1 1
1 1 0 0 0 0 1 1
1 1 0 0 0 0 1 1
1 1 0 0 0 0 1 1
1 1 1 1 1 1 1 1
0 1 1 1 1 1 1 0
11 8
0 0 0 1 1 1 0 0
0 0 1 1 1 1 0 0
0 1 1 0 1 1 0 0
1 1 0 0 1 1 0 0
1 0 0 0 1 1 0 0
0 0 0 0 1 1 0 0
0 0 0 0 1 1 0 0
0 0 0 0 1 1 0 0
0 0 0 0 1 1 0 0
1 1 1 1 1 1 1 1
1 1 1 1 1 1 1 1
11 8
0 0 1 1 1 1 1 1
0 1 1 1 1 1 1 1
1 1 0 0 0 0 1 1
1 0 0 0 0 1 1 0
0 0 0 0 1 1 0 0
0 0 0 1 1 0 0 0
0 0 1 1 0 0 0 0
0 1 1 0 0 0 0 0
1 1 0 0 0 0 0 0
1 1 1 1 1 1 1 1
1 1 1 1 1 1 1 1
12 8
0 0 1 1 1 0 0 0
0 1 1 1 1 1 0 0
1 1 0 0 0 1 1 0
1 0 0 0 0 0 1 1
0 0 0 0 0 0 1 1
0 0 0 0 1 1 1 0
0 0 0 0 1 1 1 0
0 0 0 0 0 0 1 0
1 0 0 0 0 0 1 1
1 1 0 0 0 1 1 1
0 1 1 1 1 1 0 0
0 0 1 1 1 0 0 0
11 8
0 0 1 1 0 0 1 1
0 1 1 0 0 0 1 1
0 1 1 0 0 0 1 1
1 1 0 0 0 0 1 1
1 1 1 1 1 1 1 1
0 1 1 1 1 1 1 1
0 0 0 0 0 0 1 1
0 0 0 0 0 0 1 1
0 0 0 0 0 0 1 1
0 0 0 0 0 0 1 1
0 0 0 0 0 0 1 1
11 8
1 1 1 1 1 1 1 1 
1 1 1 1 1 1 1 1
1 1 0 0 0 0 0 0
1 1 0 0 0 0 0 0
1 1 1 1 0 0 0 0
1 1 1 1 1 0 0 0
0 0 0 0 1 1 1 0
0 0 0 0 0 1 1 1
1 0 0 0 0 1 1 1
1 1 1 1 1 1 1 0
0 1 1 1 1 1 0 0
11 8
0 0 1 1 1 1 0 0
0 1 1 1 1 1 1 0
1 1 0 0 0 0 1 1
1 1 0 0 0 0 0 1
1 1 0 0 0 0 0 0
1 1 1 1 1 1 1 0
1 1 1 1 1 1 1 1
1 1 0 0 0 0 1 1
1 1 0 0 0 0 0 1
0 1 1 1 1 1 1 1
0 1 1 1 1 1 1 0
11 8
1 1 1 1 1 1 1 1
1 1 1 1 1 1 1 1
0 0 0 0 0 0 1 1
0 0 0 0 0 0 1 1
0 0 0 0 0 0 1 1
0 0 0 0 0 1 1 0
0 0 0 0 1 1 0 0
0 0 0 1 1 0 0 0
0 0 1 1 0 0 0 0
0 1 1 0 0 0 0 0
0 1 1 0 0 0 0 0
11 8
0 1 1 1 1 1 1 0
1 1 1 1 1 1 1 1
1 1 0 0 0 0 1 1
1 1 0 0 0 0 1 1
1 1 0 0 0 0 1 1
0 1 1 1 1 1 1 0
0 1 1 1 1 1 1 0
1 1 0 0 0 0 1 1
1 1 0 0 0 0 1 1
1 1 1 1 1 1 1 1
0 1 1 1 1 1 1 0
11 8
0 1 1 1 1 1 1 0
1 1 1 1 1 1 1 1
1 1 0 0 0 0 1 1
1 1 0 0 0 0 1 1
1 1 0 0 0 0 1 1
0 1 1 1 1 1 1 1
0 0 0 0 0 0 1 1
0 0 0 0 0 0 1 1
1 1 0 0 0 0 1 1
1 1 1 1 1 1 1 1
0 1 1 1 1 1 1 0